ajac  4696989.550 723994.369 4239678.490
albh -2341332.886 -3539049.513 4745791.371
algo   918129.499 -4346071.239 4561977.824
alic -4052051.830 4212836.100 -2545105.836
ankr  4121948.591 2652187.949 4069023.681
aoml   982296.803 -5664607.228 2752614.479
areq  1942826.728 -5804070.256 -1796893.968
artu  1843956.907 3016203.039 5291261.706
asc1  6118526.077 -1572344.698 -876451.166
auck -5105681.003 461564.048 -3782181.752
bahr  3633909.050 4425275.467 2799861.271
bili -2321892.971 560096.878 5894691.764
bogt  1744399.096 -6116037.813 512731.625
bor1  3738358.598 1148173.582 5021815.705
braz  4115014.087 -4550641.532 -1741444.061
brmu  2304703.582 -4874817.178 3395186.895
brst  4231162.677 -332746.825 4745130.837
brus  4027893.852 307045.689 4919475.037
bucu  4093760.981 2007793.635 4445129.877
bzrg  4312657.614 864634.517 4603844.341
cagl  4893378.933 772649.625 4004182.063
cas1  -901776.162 2409383.419 -5816748.420
chat -4590670.912 -275482.993 -4404596.777
chur  -236438.708 -3307616.791 5430049.174
coco  -741950.006 6190961.630 -1337768.586
cord  2345503.864 -4910842.804 -3316365.439
cro1  2607771.157 -5488076.781 1932767.685
darw -4091358.781 4684606.724 -1408580.460
dav1   486854.548 2285099.302 -5914955.683
drag  4432980.874 3149431.992 3322110.339
drao -2059164.684 -3621108.394 4814432.379
ebre  4833520.246 41536.947 4147461.448
eisl -1884951.760 -5357595.877 -2892890.504
fair -2281621.431 -1453595.793 5756961.909
flin  -766174.416 -3611375.303 5184056.250
fort  4985386.627 -3954998.587 -428426.482
gala   -33796.116 -6377522.655 -82120.899
geno  4507892.447 707621.329 4441603.426
glsv  3512889.114 2068979.763 4888903.141
gode  1130773.867 -4831253.583 3994200.409
gold -2353614.180 -4641385.388 3676976.454
gope  3979316.259 1050312.340 4857067.020
gras  4581691.012 556114.680 4389360.696
graz  4194423.959 1162702.549 4647245.328
guam -5071312.800 3568363.492 1488904.316
hers  4033470.220 23672.752 4924301.231
hflk  4248505.175 855575.595 4667172.195
hob2 -3950071.361 2522415.185 -4311638.362
hofn  2679690.006 -727951.336 5722789.146
hrao  5085352.489 2668395.670 -2768731.676
iisc  1337937.267 6070315.399 1427876.262
ineg -1260435.744 -5788547.698 2360340.250
irkt  -968332.190 3794425.411 5018167.758
joze  3664940.315 1409153.741 5009571.323
jplm -2493304.198 -4655215.451 3565497.383
karr -2713832.258 5303935.087 -2269515.012
kely  1575559.280 -1941827.932 5848076.502
kerg  1406337.336 3918161.100 -4816167.355
kiru  2251420.923 862817.135 5885476.614
kit3  1944945.356 4556652.193 4004325.976
kokb -5543838.118 -2054587.260 2387809.705
kosg  3899225.245 396731.809 5015078.351
kour  3839591.421 -5059567.553 579956.935
kstu  -174281.721 3571333.012 5264196.061
kunm -1281255.473 5640746.079 2682880.117
lama  3524523.073 1329693.519 5129846.289
lhas  -106937.669 5549269.591 3139215.762
lpgs  2780102.969 -4437418.863 -3629404.583
mac1 -3464038.501 1334172.763 -5169224.323
madr  4849202.453 -360329.122 4114913.104
mag0 -2825810.143 1581232.927 5477005.540
mali  4865366.487 4110737.445 -331121.710
mars  4630532.881 433946.163 4350142.640
mate  4641949.707 1393045.271 4133287.343
mdo1 -1329998.678 -5328393.387 3236504.199
mdvo  2844672.112 2161066.397 5266365.554
medi  4461400.895 919593.423 4449504.682
mets  2892570.923 1311843.330 5512634.057
mkea -5464105.097 -2495166.895 2148290.939
monp -2386246.845 -4802359.598 3444902.121
nalk -2296299.073 -1484805.432 5743080.059
narg  2745499.094 -4483636.553 -3599054.668
narl  -740290.505 -5457071.387 3207243.611
naus -3939181.976 3467075.383 -3613221.035
nbah  3633910.911 4425277.706 2799862.677
nbej -2148743.914 4426641.465 4044656.101
necu  1272867.278 -6252772.267 -23801.890
neng  3981776.718 -89239.153 4965284.609
nico  4359415.849 2874116.974 3650777.712
nklg  6287385.842 1071574.385 39132.745
nlib  -130934.482 -4762291.737 4226854.669
nnzl -4780787.779 436877.834 -4185258.356
noum -5739971.535 1387563.663 -2402123.551
nrc1  1112777.321 -4341475.826 4522955.775
nsaf  5066234.148 2719228.693 -2754393.396
nsko -3067861.658 4067639.206 3824294.132
nssp  3478646.842 3418805.729 4097987.116
nstl   -18061.024 -4991815.851 3957051.070
ntah -5246403.708 -3077285.772 -1913839.569
ntus -1508022.690 6195576.699 148799.482
nusn  1112168.441 -4842861.714 3985487.203
nya1  1202433.960 252632.229 6237772.513
nyal  1202430.643 252626.646 6237767.533
ohig  1525872.480 -2432481.304 -5676146.082
onsa  3370658.663 711877.023 5349786.877
penc  4052449.626 1417680.986 4701407.038
pert -2368686.968 4881316.517 -3341796.161
petp -3576239.756 1401003.444 5075177.505
pie1 -1640916.793 -5014781.204 3575447.142
pimo -3186294.170 5286624.093 1601158.176
pin1 -2369510.474 -4761207.148 3511396.175
pol2  1239971.586 4530790.055 4302578.777
pots  3800689.768 882077.259 5028791.246
ramo  4514722.017 3133507.725 3228024.574
reyk  2587384.489 -1043033.504 5716563.979
riog  1429907.727 -3495354.740 -5122698.672
sant  1769693.337 -5044574.148 -3468321.048
sele  1046790.836 4540257.051 4342920.758
sey1  3602870.766 5238174.329 -516275.514
sfer  5105519.055 -555146.005 3769803.246
shao -2831733.268 4675666.039 3275369.521
sofi  4319372.228 1868687.631 4292063.865
stjo  2612631.229 -3426807.026 4686757.805
suth  5041274.808 1916053.992 -3397076.074
syog  1766207.841 1460290.350 -5932297.680
thti -5246415.202 -3077260.424 -1913842.475
tidb -4460996.129 2682557.076 -3674443.694
tixi -1264873.036 1569455.795 6031003.458
tow2 -5054582.693 3275504.449 -2091539.703
trab  3705250.492 3084421.557 4162044.636
tro1  2102928.617 721619.379 5958196.191
trom  2102940.337 721569.379 5958192.113
tskb -3957199.240 3310199.668 3737711.708
upad  4389531.283 923253.642 4519256.346
urum   193030.873 4606851.324 4393311.421
usno  1112189.893 -4842955.037 3985352.249
usud -3855262.998 3427432.519 3741020.362
vene  4379724.871 957495.734 4521605.129
vill  4849833.786 -335049.186 4116014.840
wes2  1492233.378 -4458089.484 4296046.006
whit -2218337.816 -2201205.112 5543057.583
wsrt  3828735.985 443304.827 5064884.632
wtzr  4075580.685 931853.660 4801568.054
wuhn -2267749.162 5009154.325 3221290.762
yar1 -2389025.536 5043316.872 -3078530.731
yell -1224452.501 -2689216.107 5633638.279
yssk -3465320.798 2638269.400 4644085.493
zeck  3451174.880 3060335.313 4391955.568
zimm  4331297.182 567555.730 4633133.845
zwen  2886325.543 2155998.399 5245816.145
EURO -740305.8910 -5457067.8902 3207248.3730  Ref site for GSTSS test data
