     2.10           NAVIGATION                              RINEX VERSION / TYPE
fic2rin                                 01/04/2007 15:36:40 PGM / RUN BY / DATE
                                                            END OF HEADER
 5 06  7  6 19 59 44.0  .199091155082D-03  .356976670446D-10  .000000000000D+00
     .118000000000D+03 -.656250000000D+00  .538879589355D-08  .997594152841D+00
    -.409781932831D-07  .710751442239D-02  .655464828014D-05  .515355578804D+04
     .417584000000D+06 -.104308128357D-06 -.249936238139D+01  .707805156708D-07
     .938194464982D+00  .241750000000D+03  .105751234129D+01 -.843570852398D-08
     .600024993449D-10  .100000000000D+01  .138200000000D+04  .000000000000D+00
     .240000000000D+01  .000000000000D+00 -.419095158577D-08  .118000000000D+03
     .411426000000D+06  .400000000000D+01
22 06  7  6 19 59 44.0  .113723333925D-03  .352429196937D-11  .000000000000D+00
     .185000000000D+03  .263437500000D+02  .482305804258D-08 -.909844515545D+00
     .142492353916D-05  .471908890177D-02  .161118805408D-05  .515368170738D+04
     .417584000000D+06 -.100582838058D-06  .775947923266D+00  .856816768646D-07
     .955084363303D+00  .347062500000D+03 -.164862797492D+01 -.854428447517D-08
     .975040614355D-10  .100000000000D+01  .138200000000D+04  .000000000000D+00
     .240000000000D+01  .000000000000D+00 -.181607902050D-07  .185000000000D+03
     .411426000000D+06  .400000000000D+01
 1 06  7  6 20  0  0.0  .639944337308D-04  .204636307899D-11  .000000000000D+00
     .153000000000D+03 -.100968750000D+03  .384480300862D-08 -.253215672277D+01
    -.520609319210D-05  .617061217781D-02  .606290996075D-05  .515370143700D+04
     .417600000000D+06  .875443220139D-07  .181269647870D+01  .149011611938D-07
     .987904349633D+00  .275343750000D+03 -.175244842417D+01 -.767067665733D-08
    -.150006248362D-10  .100000000000D+01  .138200000000D+04  .000000000000D+00
     .340000000000D+01  .000000000000D+00 -.325962901115D-08  .153000000000D+03
     .411426000000D+06  .400000000000D+01
11 06  7  6 20  0  0.0  .337741337717D-03  .216004991671D-11  .000000000000D+00
     .125000000000D+03  .880625000000D+02  .566987903036D-08  .277394966326D+01
     .462308526039D-05  .552982988302D-02  .845640897751D-05  .515370142365D+04
     .417600000000D+06 -.558793544769D-07 -.471230313343D+00 -.689178705215D-07
     .897031297388D+00  .181593750000D+03  .370511371846D+00 -.849392523465D-08
    -.700029159024D-10  .100000000000D+01  .138200000000D+04  .000000000000D+00
     .340000000000D+01  .000000000000D+00 -.116415321827D-07  .381000000000D+03
     .411426000000D+06  .400000000000D+01
14 06  7  6 20  0  0.0 -.104336068034D-04  .795807864051D-12  .000000000000D+00
     .183000000000D+03 -.111656250000D+03  .390587698117D-08 -.149195812227D+01
    -.569224357605D-05  .236296548974D-02  .610388815403D-05  .515366656303D+04
     .417600000000D+06  .614672899246D-07  .178507272619D+01  .316649675369D-07
     .986217294949D+00  .275531250000D+03 -.211555873838D+01 -.780639659632D-08
    -.678599694973D-10  .100000000000D+01  .138200000000D+04  .000000000000D+00
     .240000000000D+01  .000000000000D+00 -.931322574615D-08  .439000000000D+03
     .411426000000D+06  .400000000000D+01
15 06  7  6 20  0  0.0  .640538055450D-03  .625277607469D-11  .000000000000D+00
     .111000000000D+03  .118187500000D+03  .430196490839D-08  .224081297387D+01
     .623799860477D-05  .979592977092D-02  .816211104393D-05  .515368835258D+04
     .417600000000D+06  .316649675369D-07 -.247472971557D+00  .109896063805D-06
     .956630664787D+00  .217843750000D+03  .265769814370D+01 -.790282918456D-08
    -.628597612185D-10  .100000000000D+01  .138200000000D+04  .000000000000D+00
     .340000000000D+01  .000000000000D+00 -.279396772385D-08  .367000000000D+03
     .411426000000D+06  .400000000000D+01
18 06  7  6 20  0  0.0 -.242075417191D-03 -.147792889038D-11  .000000000000D+00
     .189000000000D+03  .272187500000D+02  .476948438245D-08  .730060463617D+00
     .136531889439D-05  .730355060659D-02  .161118805408D-05  .515369641304D+04
     .417600000000D+06 -.614672899246D-07  .767919382033D+00  .150874257088D-06
     .957551181119D+00  .347281250000D+03 -.268303020725D+01 -.851464038323D-08
     .207151485834D-10  .100000000000D+01  .138200000000D+04  .000000000000D+00
     .240000000000D+01  .000000000000D+00 -.102445483208D-07  .445000000000D+03
     .411426000000D+06  .400000000000D+01
25 06  7  6 20  0  0.0  .910433009267D-04  .750333128963D-10  .000000000000D+00
     .196000000000D+03 -.590000000000D+02  .454697511405D-08  .252666832665D+01
    -.283680856228D-05  .125867030583D-01  .893697142601D-05  .515364552307D+04
     .417600000000D+06  .229105353355D-06  .272653371169D+01 -.763684511185D-07
     .954849980420D+00  .199687500000D+03 -.133870959029D+01 -.771246411223D-08
     .218580533328D-09  .100000000000D+01  .138200000000D+04  .000000000000D+00
     .685000000000D+01  .000000000000D+00 -.698491930962D-08  .452000000000D+03
     .411426000000D+06  .400000000000D+01
30 06  7  6 20  0  0.0  .287219882011D-05  .113686837722D-11  .000000000000D+00
     .520000000000D+02 -.937500000000D-01  .529593488266D-08  .182120652479D+00
     .651925802231D-07  .902452284936D-02  .630505383015D-05  .515371405983D+04
     .417600000000D+06 -.100582838058D-06 -.245255663929D+01  .577419996262D-07
     .944723822396D+00  .248843750000D+03  .129433121110D+01 -.843570852398D-08
     .517878714584D-10  .100000000000D+01  .138200000000D+04  .000000000000D+00
     .240000000000D+01  .000000000000D+00 -.791624188423D-08  .308000000000D+03
     .411426000000D+06  .400000000000D+01
20 06  7  6 20  0  0.0 -.245166011155D-04  .454747350886D-12  .000000000000D+00
     .227000000000D+03  .318437500000D+02  .467769484477D-08  .481422871755D+00
     .143051147461D-05  .293099693954D-02  .217743217945D-05  .515372904587D+04
     .417600000000D+06  .745058059692D-08  .714980265181D+00  .149011611938D-07
     .957132366691D+00  .333562500000D+03  .138397685605D+01 -.842535094969D-08
     .950039572962D-10  .100000000000D+01  .138200000000D+04  .000000000000D+00
     .240000000000D+01  .000000000000D+00 -.651925802231D-08  .483000000000D+03
     .412296000000D+06  .400000000000D+01
16 06  7  6 20  0  0.0  .547291710973D-04  .284217094304D-11  .000000000000D+00
     .160000000000D+02 -.475000000000D+01  .478627079596D-08  .728179490364D+00
    -.417232513428D-06  .355392496567D-02  .627152621746D-05  .515373418617D+04
     .417600000000D+06  .130385160446D-07 -.240719871795D+01 -.689178705215D-07
     .962365648906D+00  .259468750000D+03 -.840874578533D+00 -.806105006081D-08
     .296440919383D-10  .100000000000D+01  .138200000000D+04  .000000000000D+00
     .340000000000D+01  .000000000000D+00 -.977888703346D-08  .272000000000D+03
     .412836000000D+06  .400000000000D+01
23 06  7  6 20  0  0.0  .138663686812D-03 -.454747350886D-12  .000000000000D+00
     .204000000000D+03 -.873125000000D+02  .433803783955D-08 -.157965172834D+01
    -.458769500256D-05  .465740659274D-02  .616535544395D-05  .515375989532D+04
     .417600000000D+06 -.856816768646D-07  .177083452927D+01 -.316649675369D-07
     .968462797414D+00  .270812500000D+03  .243655625221D+01 -.804426364730D-08
     .392873507616D-11  .100000000000D+01  .138200000000D+04  .000000000000D+00
     .340000000000D+01  .000000000000D+00 -.209547579288D-07  .460000000000D+03
     .414276000000D+06  .400000000000D+01
30 06  7  6 19 59 44.0  .286288559437D-05  .113686837722D-11  .000000000000D+00
     .780000000000D+02 -.937500000000D-01  .529593488266D-08  .179787390306D+00
     .651925802231D-07  .902451633010D-02  .630505383015D-05  .515371406364D+04
     .417584000000D+06 -.100582838058D-06 -.245255649446D+01  .577419996262D-07
     .944723819471D+00  .248843750000D+03  .129433072394D+01 -.843570852398D-08
     .517878714584D-10  .100000000000D+01  .138200000000D+04  .000000000000D+00
     .240000000000D+01  .000000000000D+00 -.791624188423D-08  .780000000000D+02
     .417126000000D+06  .400000000000D+01
30 06  7  6 21 59 44.0  .287126749754D-05  .113686837722D-11  .000000000000D+00
     .790000000000D+02 -.306250000000D+01  .528307720423D-08  .122990764019D+01
    -.257045030594D-06  .902498548385D-02  .656396150589D-05  .515371520805D+04
     .424784000000D+06 -.221654772758D-06 -.245261752301D+01 -.372529029846D-07
     .944724490950D+00  .245875000000D+03  .129437218158D+01 -.835963392659D-08
     .116076263614D-09  .100000000000D+01  .138200000000D+04  .000000000000D+00
     .240000000000D+01  .000000000000D+00 -.791624188423D-08  .790000000000D+02
     .417606000000D+06  .400000000000D+01
 1 06  7  6 22  0  0.0  .640088692307D-04  .204636307899D-11  .000000000000D+00
     .148000000000D+03 -.112406250000D+03  .383230248792D-08 -.148181367046D+01
    -.565312802792D-05  .616967142560D-02  .619143247604D-05  .515370413399D+04
     .424800000000D+06  .558793544769D-07  .181264133547D+01  .169500708580D-06
     .987903637192D+00  .273437500000D+03 -.175263400703D+01 -.778818155188D-08
    -.635740766869D-10  .100000000000D+01  .138200000000D+04  .000000000000D+00
     .340000000000D+01  .000000000000D+00 -.325962901115D-08  .916000000000D+03
     .417606000000D+06  .400000000000D+01
11 06  7  6 22  0  0.0  .337757635862D-03  .216004991671D-11  .000000000000D+00
     .126000000000D+03  .923125000000D+02  .562309136718D-08 -.245897625444D+01
     .479817390442D-05  .552978320047D-02  .877864658833D-05  .515370164871D+04
     .424800000000D+06 -.186264514923D-07 -.471291119533D+00 -.260770320892D-07
     .897030931659D+00  .175968750000D+03  .370424470123D+00 -.844570894053D-08
    -.821462788651D-10  .100000000000D+01  .138200000000D+04  .000000000000D+00
     .340000000000D+01  .000000000000D+00 -.116415321827D-07  .382000000000D+03
     .417606000000D+06  .400000000000D+01
14 06  7  6 22  0  0.0 -.104280188680D-04  .795807864051D-12  .000000000000D+00
     .178000000000D+03 -.112718750000D+03  .393766401951D-08 -.441861463406D+00
    -.578537583351D-05  .236276094802D-02  .628083944321D-05  .515366605186D+04
     .424800000000D+06 -.204890966415D-07  .178501620927D+01  .353902578354D-07
     .986216439142D+00  .273406250000D+03 -.211547430606D+01 -.788461414011D-08
    -.685742849656D-10  .100000000000D+01  .138200000000D+04  .000000000000D+00
     .340000000000D+01  .000000000000D+00 -.931322574615D-08  .690000000000D+03
     .417606000000D+06  .400000000000D+01
16 06  7  6 22  0  0.0  .547491945326D-04  .284217094304D-11  .000000000000D+00
     .110000000000D+02 -.309375000000D+01  .485127350359D-08  .177827774966D+01
    -.484287738800D-07  .355388724711D-02  .601448118687D-05  .515373447418D+04
     .424800000000D+06  .577419996262D-07 -.240725643738D+01 -.279396772385D-07
     .962366030728D+00  .259187500000D+03 -.840826798165D+00 -.801140513575D-08
     .192865176466D-10  .100000000000D+01  .138200000000D+04  .000000000000D+00
     .340000000000D+01  .000000000000D+00 -.977888703346D-08  .523000000000D+03
     .417606000000D+06  .400000000000D+01
20 06  7  6 22  0  0.0 -.245133414865D-04  .454747350886D-12  .000000000000D+00
     .228000000000D+03  .416875000000D+02  .465840832712D-08  .153189607988D+01
     .211037695408D-05  .293001462705D-02  .196695327759D-05  .515372653770D+04
     .424800000000D+06 -.931322574615D-08  .714919559932D+00 -.111758708954D-07
     .957133207869D+00  .337718750000D+03  .138365304645D+01 -.839999275056D-08
     .112861844006D-09  .100000000000D+01  .138200000000D+04  .000000000000D+00
     .240000000000D+01  .000000000000D+00 -.651925802231D-08  .484000000000D+03
     .417606000000D+06  .400000000000D+01
22 06  7  6 22  0  0.0  .113748945296D-03  .352429196937D-11  .000000000000D+00
     .186000000000D+03  .251562500000D+02  .479591405479D-08  .142645200808D+00
     .127777457237D-05  .471907772589D-02  .157952308655D-05  .515368162346D+04
     .424800000000D+06 -.132247805595D-06  .775886382691D+00  .558793544769D-08
     .955085020153D+00  .346218750000D+03 -.164860577514D+01 -.854428447517D-08
     .589310261424D-10  .100000000000D+01  .138200000000D+04  .000000000000D+00
     .240000000000D+01  .000000000000D+00 -.181607902050D-07  .186000000000D+03
     .417606000000D+06  .400000000000D+01
23 06  7  6 22  0  0.0  .138660427183D-03 -.454747350886D-12  .000000000000D+00
     .199000000000D+03 -.958125000000D+02  .430303638159D-08 -.529854066526D+00
    -.518187880516D-05  .465689192060D-02  .537559390068D-05  .515375688171D+04
     .424800000000D+06 -.335276126862D-07  .177077656114D+01 -.875443220139D-07
     .968462847153D+00  .279593750000D+03  .243688666835D+01 -.806283584948D-08
    -.100004165575D-10  .100000000000D+01  .138200000000D+04  .000000000000D+00
     .340000000000D+01  .000000000000D+00 -.209547579288D-07  .711000000000D+03
     .417606000000D+06  .400000000000D+01
25 06  7  6 22  0  0.0  .915834680200D-04  .750333128963D-10  .000000000000D+00
     .197000000000D+03 -.606562500000D+02  .448840124564D-08 -.270634651159D+01
    -.292807817459D-05  .125848010648D-01  .973604619503D-05  .515364908028D+04
     .424800000000D+06  .121071934700D-06  .272647699436D+01  .203028321266D-06
     .954852543453D+00  .185500000000D+03 -.133868246193D+01 -.767603402334D-08
     .456447584303D-09  .100000000000D+01  .138200000000D+04  .000000000000D+00
     .685000000000D+01  .000000000000D+00 -.698491930962D-08  .453000000000D+03
     .417606000000D+06  .400000000000D+01
24 06  7  6 21 59 44.0  .186930410564D-04  .284217094304D-11  .000000000000D+00
     .149000000000D+03  .104625000000D+03  .425696303388D-08 -.251312182959D+01
     .555440783501D-05  .913198117632D-02  .776536762714D-05  .515390274811D+04
     .424784000000D+06  .204890966415D-07 -.271010662213D+00  .150874257088D-06
     .959809732065D+00  .229218750000D+03 -.907434821754D+00 -.781211112007D-08
    -.239295681911D-10  .100000000000D+01  .138200000000D+04  .000000000000D+00
     .240000000000D+01  .000000000000D+00 -.931322574615D-09  .405000000000D+03
     .418356000000D+06  .400000000000D+01
 7 06  7  6 22  0  0.0  .541359651834D-03 -.568434188608D-12  .000000000000D+00
     .181000000000D+03  .131250000000D+01  .513307095587D-08  .227114864150D+01
    -.182539224625D-06  .106648245128D-01  .818446278572D-05  .515379334259D+04
     .424800000000D+06  .117346644402D-06 -.142874390917D+01 -.167638063431D-06
     .934808453313D+00  .201437500000D+03 -.180157011627D+01 -.802854870699D-08
    -.596096258373D-09  .100000000000D+01  .138200000000D+04  .000000000000D+00
     .240000000000D+01  .000000000000D+00 -.186264514923D-08  .181000000000D+03
     .418596000000D+06  .400000000000D+01
14 06  7  6 21 59 44.0 -.104294158518D-04  .795807864051D-12  .000000000000D+00
     .202000000000D+03 -.112718750000D+03  .393766401951D-08 -.444194472494D+00
    -.578537583351D-05  .236276141368D-02  .628083944321D-05  .515366605759D+04
     .424784000000D+06 -.204890966415D-07  .178501635118D+01  .353902578354D-07
     .986216440605D+00  .273406250000D+03 -.211547506825D+01 -.788461414011D-08
    -.685742849656D-10  .100000000000D+01  .138200000000D+04  .000000000000D+00
     .240000000000D+01  .000000000000D+00 -.931322574615D-08  .202000000000D+03
     .419016000000D+06  .400000000000D+01
13 06  7  6 22  0  0.0  .751381739974D-04  .306954461848D-11  .000000000000D+00
     .205000000000D+03 -.951562500000D+02  .379051503302D-08  .158300314346D+00
    -.517256557941D-05  .315177289303D-02  .591203570366D-05  .515375963783D+04
     .424800000000D+06 -.465661287308D-07  .179839833872D+01  .353902578354D-07
     .992079127232D+00  .285500000000D+03  .121752453312D+01 -.778496713227D-08
    -.389301930274D-10  .100000000000D+01  .138200000000D+04  .000000000000D+00
     .240000000000D+01  .000000000000D+00 -.111758708954D-07  .461000000000D+03
     .421116000000D+06  .400000000000D+01
 3 06  7  6 22  0  0.0  .133068766445D-03  .900399754755D-10  .000000000000D+00
     .175000000000D+03  .625000000000D+00  .543808366087D-08 -.907717273199D+00
    -.204890966415D-07  .818343204446D-02  .825338065624D-05  .515368391228D+04
     .424800000000D+06  .175088644028D-06 -.146160405699D+01  .838190317154D-07
     .925737225997D+00  .201218750000D+03  .662452784217D+00 -.837820612877D-08
    -.572881005651D-09  .100000000000D+01  .138200000000D+04  .000000000000D+00
     .240000000000D+01  .000000000000D+00 -.419095158577D-08  .175000000000D+03
     .421146000000D+06  .400000000000D+01
19 06  7  6 22  0  0.0 -.103097409010D-05  .238742359215D-11  .000000000000D+00
     .193000000000D+03  .846875000000D+01  .454626079858D-08  .430561572561D+00
     .441446900368D-06  .359365390614D-02  .944733619690D-05  .515362235451D+04
     .424800000000D+06 -.279396772385D-07 -.130881555861D+01 -.106170773506D-06
     .957667411423D+00  .199093750000D+03 -.124202073794D+01 -.793604485384D-08
    -.592881838766D-09  .100000000000D+01  .138200000000D+04  .000000000000D+00
     .240000000000D+01  .000000000000D+00 -.144354999065D-07  .449000000000D+03
     .423576000000D+06  .400000000000D+01
27 06  7  6 22  0  0.0  .567645765841D-04  .181898940355D-11  .000000000000D+00
     .210000000000D+02 -.552812500000D+02  .437339645523D-08  .209106422177D+01
    -.305101275444D-05  .198274200084D-01  .929273664951D-05  .515362604904D+04
     .424800000000D+06  .838190317154D-07  .275846058800D+01 -.506639480591D-06
     .959410396391D+00  .201125000000D+03 -.191436922962D+01 -.764067540766D-08
     .407159816984D-09  .100000000000D+01  .138200000000D+04  .000000000000D+00
     .240000000000D+01  .000000000000D+00 -.419095158577D-08  .210000000000D+02
     .423966000000D+06  .400000000000D+01
 1 06  7  7  0  0  0.0  .640233047307D-04  .204636307899D-11  .000000000000D+00
     .149000000000D+03 -.107125000000D+03  .383658838073D-08 -.431639958234D+00
    -.557117164135D-05  .617016095202D-02  .644288957119D-05  .515370482826D+04
     .432000000000D+06 -.689178705215D-07  .181258438992D+01  .670552253723D-07
     .987902715553D+00  .271218750000D+03 -.175264988701D+01 -.792247285994D-08
    -.353586156854D-10  .100000000000D+01  .138200000000D+04  .000000000000D+00
     .485000000000D+01  .000000000000D+00 -.325962901115D-08  .661000000000D+03
     .424806000000D+06  .400000000000D+01
 3 06  7  7  0  0  0.0  .133717432618D-03  .900399754755D-10  .000000000000D+00
     .176000000000D+03  .590625000000D+01  .553308761817D-08  .142500415806D+00
     .378116965294D-06  .818444602191D-02  .779703259468D-05  .515368591309D+04
     .432000000000D+06  .298023223877D-07 -.146166505482D+01  .670552253723D-07
     .925732594398D+00  .206781250000D+03  .662416360483D+00 -.850178270480D-08
    -.567880797372D-09  .100000000000D+01  .138200000000D+04  .000000000000D+00
     .240000000000D+01  .000000000000D+00 -.419095158577D-08  .176000000000D+03
     .424806000000D+06  .400000000000D+01
 7 06  7  7  0  0  0.0  .541355460882D-03 -.568434188608D-12  .000000000000D+00
     .182000000000D+03  .800000000000D+01  .520807408005D-08 -.296198067301D+01
     .394880771637D-06  .106643523322D-01  .805407762527D-05  .515379455185D+04
     .432000000000D+06  .290572643280D-06 -.142880252830D+01 -.577419996262D-07
     .934804285459D+00  .205062500000D+03 -.180151412747D+01 -.808605110220D-08
    -.468233789531D-09  .100000000000D+01  .138200000000D+04  .000000000000D+00
     .240000000000D+01  .000000000000D+00 -.186264514923D-08  .182000000000D+03
     .424806000000D+06  .400000000000D+01
13 06  7  7  0  0  0.0  .751600600779D-04  .306954461848D-11  .000000000000D+00
     .206000000000D+03 -.108343750000D+03  .367336729621D-08  .120797197064D+01
    -.567920506001D-05  .315268791746D-02  .588223338127D-05  .515376268578D+04
     .432000000000D+06 -.223517417908D-07  .179834243037D+01 -.149011611938D-07
     .992078653247D+00  .281343750000D+03  .121797521283D+01 -.779139597149D-08
    -.757174396496D-10  .100000000000D+01  .138200000000D+04  .000000000000D+00
     .240000000000D+01  .000000000000D+00 -.111758708954D-07  .462000000000D+03
     .424806000000D+06  .400000000000D+01
16 06  7  7  0  0  0.0  .547692179680D-04  .284217094304D-11  .000000000000D+00
     .120000000000D+02 -.150000000000D+01  .489627537809D-08  .282827103142D+01
     .108033418655D-06  .355345103890D-02  .650435686111D-05  .515373578644D+04
     .432000000000D+06  .577419996262D-07 -.240731476100D+01  .121071934700D-06
     .962366514954D+00  .254500000000D+03 -.840673845691D+00 -.801390523989D-08
     .138577200868D-09  .100000000000D+01  .138200000000D+04  .000000000000D+00
     .340000000000D+01  .000000000000D+00 -.977888703346D-08  .524000000000D+03
     .424806000000D+06  .400000000000D+01
19 06  7  7  0  0  0.0 -.101374462247D-05  .238742359215D-11  .000000000000D+00
     .194000000000D+03  .120312500000D+02  .462376402690D-08  .148072679547D+01
     .422820448875D-06  .359342806041D-02  .897049903870D-05  .515362238312D+04
     .432000000000D+06  .465661287308D-07 -.130887262558D+01 -.931322574615D-07
     .957663307938D+00  .201312500000D+03 -.124197280543D+01 -.789247161027D-08
    -.598596362513D-09  .100000000000D+01  .138200000000D+04  .000000000000D+00
     .240000000000D+01  .000000000000D+00 -.144354999065D-07  .450000000000D+03
     .424806000000D+06  .400000000000D+01
20 06  7  7  0  0  0.0 -.245100818574D-04  .454747350886D-12  .000000000000D+00
     .229000000000D+03  .455000000000D+02  .458733393801D-08  .258156884946D+01
     .235624611378D-05  .292948039714D-02  .147335231304D-05  .515372932434D+04
     .432000000000D+06  .931322574615D-08  .714859356464D+00  .391155481339D-07
     .957134182172D+00  .348000000000D+03  .138412843777D+01 -.835141929871D-08
     .967897459671D-10  .100000000000D+01  .138200000000D+04  .000000000000D+00
     .340000000000D+01  .000000000000D+00 -.651925802231D-08  .485000000000D+03
     .424806000000D+06  .400000000000D+01
23 06  7  7  0  0  0.0  .138657633215D-03 -.454747350886D-12  .000000000000D+00
     .200000000000D+03 -.113156250000D+03  .421660420992D-08  .520289961628D+00
    -.589527189732D-05  .465933699161D-02  .528804957867D-05  .515376152992D+04
     .432000000000D+06  .521540641785D-07  .177071858131D+01 -.465661287308D-07
     .968462379020D+00  .281218750000D+03  .243686915576D+01 -.811212361680D-08
    -.610739725475D-10  .100000000000D+01  .138200000000D+04  .000000000000D+00
     .340000000000D+01  .000000000000D+00 -.209547579288D-07  .712000000000D+03
     .424806000000D+06  .400000000000D+01
25 06  7  7  0  0  0.0  .921236351132D-04  .750333128963D-10  .000000000000D+00
     .198000000000D+03 -.535312500000D+02  .459626288137D-08 -.165620840533D+01
    -.249594449997D-05  .125855245860D-01  .101421028376D-04  .515364719391D+04
     .432000000000D+06 -.121071934700D-06  .272642154245D+01  .363215804100D-06
     .954854791958D+00  .181906250000D+03 -.133862394228D+01 -.789890044948D-08
     .423589072757D-09  .100000000000D+01  .138200000000D+04  .000000000000D+00
     .965000000000D+01  .000000000000D+00 -.698491930962D-08  .454000000000D+03
     .424806000000D+06  .400000000000D+01
27 06  7  7  0  0  0.0  .567771494389D-04  .181898940355D-11  .000000000000D+00
     .220000000000D+02 -.638750000000D+02  .434625246743D-08  .314132320749D+01
    -.342726707458D-05  .198283704231D-01  .947713851929D-05  .515362363625D+04
     .432000000000D+06  .292435288429D-06  .275840679065D+01 -.221654772758D-06
     .959413666013D+00  .194125000000D+03 -.191441838074D+01 -.749566936757D-08
     .405731186047D-09  .100000000000D+01  .138200000000D+04  .000000000000D+00
     .240000000000D+01  .000000000000D+00 -.419095158577D-08  .220000000000D+02
     .424806000000D+06  .400000000000D+01
16 06  7  6 23 59 44.0  .547696836293D-04  .272848410532D-11  .000000000000D+00
     .360000000000D+02 -.150000000000D+01  .489627537809D-08  .282593844366D+01
     .108033418655D-06  .355345150456D-02  .650435686111D-05  .515373578835D+04
     .431984000000D+06  .577419996262D-07 -.240731460008D+01  .121071934700D-06
     .962366510565D+00  .254500000000D+03 -.840674953120D+00 -.801390523989D-08
     .138577200868D-09  .100000000000D+01  .138200000000D+04  .000000000000D+00
     .240000000000D+01  .000000000000D+00 -.977888703346D-08  .360000000000D+02
     .429666000000D+06  .400000000000D+01
 8 06  7  7  0  0  0.0 -.715865753591D-04 -.136424205266D-11  .000000000000D+00
     .193000000000D+03 -.449375000000D+02  .415338729097D-08 -.191531520365D+01
    -.230222940445D-05  .962980324402D-02  .100210309029D-04  .515361690521D+04
     .432000000000D+06 -.193715095520D-06  .286114404853D+01 -.670552253723D-07
     .973957644994D+00  .199812500000D+03  .266179103154D+01 -.766710507999D-08
     .472876840076D-09  .100000000000D+01  .138200000000D+04  .000000000000D+00
     .240000000000D+01  .000000000000D+00 -.372529029846D-08  .449000000000D+03
     .429786000000D+06  .400000000000D+01
28 06  7  7  0  0  0.0  .236895866692D-04 -.795807864051D-12  .000000000000D+00
     .184000000000D+03 -.812500000000D+00  .488663211927D-08  .197040527090D+01
    -.165775418282D-06  .115128421457D-01  .641867518425D-05  .515366403770D+04
     .432000000000D+06 -.258907675743D-06 -.239777640931D+01 -.208616256714D-06
     .960423315018D+00  .258531250000D+03 -.224387313224D+01 -.802854870699D-08
     .189650756858D-09  .100000000000D+01  .138200000000D+04  .000000000000D+00
     .340000000000D+01  .000000000000D+00 -.102445483208D-07  .440000000000D+03
     .430776000000D+06  .400000000000D+01
