#txdot/log/txau-txta.127.log SD 125 L1 L2
65010.00 5.25 24.02
65040.00 6.03 24.47
65070.00 6.76 24.93
65100.00 7.37 25.33
65130.00 8.04 25.75
65160.00 8.70 26.13
65190.00 9.36 26.46
65220.00 10.01 26.88
65250.00 10.66 27.29
65280.00 11.26 27.68
65310.00 11.81 28.05
65340.00 12.41 28.42
65370.00 12.98 28.70
65400.00 13.57 29.05
65430.00 14.14 29.35
65460.00 14.63 29.66
65490.00 15.15 29.85
65520.00 15.67 30.18
65550.00 16.19 30.48
65580.00 16.69 30.85
65610.00 17.13 31.17
65640.00 17.55 31.46
65670.00 18.17 31.76
65700.00 18.63 31.98
65730.00 19.10 32.22
65760.00 19.47 32.47
65790.00 19.95 32.68
65820.00 20.35 32.97
65850.00 20.82 33.22
65880.00 21.16 33.44
65910.00 21.56 33.66
65940.00 21.92 33.81
65970.00 22.38 34.00
66000.00 22.76 34.18
66030.00 23.19 34.39
66060.00 23.53 34.60
66090.00 23.88 34.83
66120.00 24.26 35.01
66150.00 24.58 35.11
66180.00 25.03 35.30
66210.00 25.42 35.40
66240.00 25.75 35.53
66270.00 26.09 35.72
66300.00 26.44 35.85
66330.00 26.79 36.04
66360.00 27.09 36.16
66390.00 27.35 36.32
66420.00 27.86 36.47
66450.00 28.20 36.55
66480.00 28.42 36.65
66510.00 28.68 36.83
66540.00 29.05 37.01
66570.00 29.30 37.19
66600.00 29.65 37.38
66630.00 29.92 37.44
66660.00 30.24 37.53
66690.00 30.60 37.68
66720.00 30.89 37.77
66750.00 31.20 37.94
66780.00 31.52 38.19
66810.00 31.81 38.32
66840.00 32.13 38.48
66870.00 32.41 38.60
66900.00 32.82 38.76
66930.00 33.23 38.89
66960.00 33.64 38.97
66990.00 34.03 39.17
67020.00 34.33 39.26
67050.00 34.52 39.38
67080.00 34.82 39.56
67110.00 35.14 39.69
67140.00 35.49 39.79
67170.00 35.79 39.85
67200.00 36.16 40.02
67230.00 36.50 40.28
67260.00 36.80 40.51
67290.00 37.06 40.60
67320.00 37.43 40.80
67350.00 37.82 40.92
67380.00 38.11 41.02
67410.00 38.40 41.15
67440.00 38.70 41.31
67470.00 38.99 41.51
67500.00 39.37 41.68
67530.00 39.76 41.81
67560.00 40.07 41.92
67590.00 40.41 42.10
67620.00 40.78 42.27
67650.00 41.21 42.46
67680.00 41.62 42.74
67710.00 42.00 42.92
67740.00 42.33 43.05
67770.00 42.75 43.27
67800.00 43.17 43.38
67830.00 43.61 43.51
67860.00 44.05 43.83
67890.00 44.38 43.97
67920.00 44.78 44.17
67980.00 45.78 44.52
68010.00 46.09 44.70
68040.00 46.54 44.90
68070.00 51.87 45.11
68160.00 47.06 40.75
68190.00 47.38 40.95
68220.00 47.82 41.15
68250.00 48.22 41.38
68280.00 48.73 41.67
68310.00 49.17 41.93
68340.00 49.61 42.22
68370.00 50.06 42.42
68400.00 50.55 42.67
68430.00 51.05 42.90
68460.00 51.54 43.26
68490.00 52.07 43.60
68520.00 52.61 43.86
68550.00 53.23 44.15
68580.00 53.82 44.49
68610.00 54.37 44.78
68640.00 55.00 45.17
68670.00 55.62 45.55
68700.00 56.27 45.92
68730.00 57.01 46.32
68760.00 57.72 46.74
68790.00 58.35 47.14
68820.00 58.99 47.49
68850.00 59.68 47.92
68880.00 60.43 48.43
68910.00 61.12 48.86
68940.00 61.86 49.32
68970.00 62.61 49.74
69000.00 63.48 50.26
69030.00 64.27 50.70
69060.00 65.03 51.19
69090.00 65.85 51.72
